triggerODAU,triggerDAQ,Instron_Load_N,Instron_LVDT_Volts,pos_x_mm,pos_y_mm,pos_z_mm,disp_x_mm,disp_y_mm,disp_z_mm,Rx_deg,Ry_deg,Rz_deg,Fx_N,Fy_N,Fz_N,Mx_Nm,My_Nm,Mz_Nm
5.152879715,5.170182668,0.0035098493311392,5.39877704910782,-1.15666925517592,8.66688256064422,-0.787818510855201,0.00784249196341702,-0.175236603962105,-0.0198766551734034,-0.758359210130609,-2.12404839886009,-1.85554598363253,2.11762389594361,-0.240675299385885,-0.0101676333496243,0.00982874958028868,0.00585526480246962,-0.334959521633818
5.158678055,5.171457628,0.00428119840401341,5.39936604573914,-1.15815271789413,8.66766139155171,-0.787360774691432,0.00635902924521292,-0.17445777305462,-0.019418919009634,-0.757859323086476,-2.12363210268071,-1.85573446493019,1.47950963122935,-0.615927485437396,-0.108773469006991,0.0102833807811402,0.00382054606880045,-0.355686486061271
5.159898758,5.170820148,0.00513693432459439,5.40005429504408,-1.16024495387269,8.66856768257635,-0.786664427963351,0.00426679326665069,-0.17355148202998,-0.0187225722815538,-0.757197871017683,-2.12302750421758,-1.85592178281158,1.85368964587201,-1.28870791008353,0.0644424184458501,0.00994276326190935,0.00414822490438321,-0.355052627666927
5.15471077,5.174645028,0.00604811359281637,5.40085959654737,-1.16301256671925,8.66959516114463,-0.785728001889299,0.00149918042008546,-0.172524003461696,-0.0177861462075014,-0.756367810761728,-2.12226664325044,-1.85605558976564,1.24274320471892,-0.536199885194947,0.22037539286913,0.0164070148627737,-0.00572783058338777,-0.309255733525982
5.162950516,5.166357788,0.0069641499522199,5.4018000888162,-1.16651425190791,8.67071790456717,-0.784560329445872,-0.00200250476856589,-0.171401260039152,-0.0166184737640749,-0.75537448858774,-2.12138345651287,-1.85608110985223,1.3307059623782,-0.480551167934891,-0.129898949715766,0.00486055198122815,-0.0111522208961846,-0.257229687756924
5.161729813,5.160301728,0.00791118128254135,5.40289493656512,-1.17077320350219,8.67187985049275,-0.783191655451172,-0.0062614563628538,-0.170239314113575,-0.015249799769374,-0.754242695049661,-2.12042773876292,-1.8559402732743,0.746965278135974,-0.773233087813423,-0.174478799669089,0.000952438545467782,-0.00911252538175156,-0.197282986302732
5.153795242,5.165082828,0.0088273063694724,5.40415493644704,-1.17579550365202,8.67302359021129,-0.781651437634629,-0.0112837565126853,-0.169095574395037,-0.0137095819528319,-0.752999543907536,-2.11944641010912,-1.85557910113352,1.01770326494898,-0.0365916236069097,-0.153219384297017,-0.00482408253351085,-0.00719889479674951,-0.131615669913159
5.154405594,5.170182668,0.00972360907642665,5.40558390488133,-1.18155060326581,8.67405827734946,-0.779995889455219,-0.01703885612647,-0.168060887256866,-0.0120540337734218,-0.751694144022386,-2.11849460044533,-1.85494821489191,0.102340383782007,-1.06836772506585,-0.268623106787999,-0.0215486139903587,-0.00219915512362084,-0.0969439205264462
5.158067703,5.156476848,0.0106086354884788,5.40718227210501,-1.18798268458686,8.6748965213349,-0.778282091663325,-0.0234709374475182,-0.167222643271426,-0.0103402359815272,-0.750375914269214,-2.11761962610188,-1.85401572631693,0.163660852033331,-0.911144427746876,-0.206072450899683,-0.014790403279306,-0.0108535926703869,0.020962111915132
5.16264534,5.168588968,0.0114462336738635,5.40893798892174,-1.19499433453799,8.67544607638773,-0.776577957704118,-0.0304825873986461,-0.166673088218596,-0.00863610202232012,-0.749098639625839,-2.11687903032235,-1.85275447831673,-0.777253890388295,-1.25039962898722,-0.155221089795276,-0.016664562763836,-0.0166516006102366,0.112846981415266
5.152574539,5.172413848,0.012285178624366,5.41083640320263,-1.20246240177597,8.67563097255151,-0.774948293931271,-0.0379506546366275,-0.166488192054812,-0.00700643824947322,-0.747907229427411,-2.11632352093389,-1.85115680675101,-1.4223470121006,-0.817438381513284,-0.329563119990013,-0.0279077684013238,-0.0235478100468837,0.242089378941958
5.157457352,5.168907708,0.0130929226030244,5.41285249324492,-1.2102301060456,8.67536110125968,-0.773476530041147,-0.0457183589062644,-0.166758063346643,-0.0055346743593494,-0.74685988456081,-2.11600655953879,-1.84922905575187,-1.41098993366791,0.104040244386169,-0.288628062421282,-0.0261127214747563,-0.0305639261393138,0.412628989131191
5.164171219,5.169226448,0.0138902666448738,5.41495917327817,-1.21812173122019,8.67457327548706,-0.772238694557251,-0.0536099840808495,-0.167545889119268,-0.00429683887545396,-0.745999236525802,-2.11598272122514,-1.84698754666986,-3.29715809565988,-0.561583544512132,-0.308779391047722,-0.0383892695373413,-0.0200282113580277,0.458693584081794
5.153490067,5.171138888,0.0146943093814882,5.41712512773267,-1.22594674721421,8.67324052399206,-0.771294125031158,-0.0614350000748698,-0.168878640614263,-0.00335226934936006,-0.745347321162828,-2.11630217393546,-1.84446339021302,-2.80212708095644,-1.75620377888663,-0.654129151468624,-0.0507381765497006,-0.0224109255158992,0.621189454915609
5.152879715,5.170501408,0.0154755860846143,5.41931948323301,-1.23352104987441,8.67136572517561,-0.770687471522352,-0.0690093027350733,-0.170753439430715,-0.00274561584055399,-0.744909015046444,-2.11700463265303,-1.84170158549897,-4.2088011456193,0.577043771265153,-0.391875917742368,-0.0446658190796314,-0.0297191453230563,0.766383006942558
5.159898758,5.171138888,0.0162654130517266,5.42151193049368,-1.24067600809364,8.66898150369856,-0.77044704752027,-0.0761642609542983,-0.173137660907763,-0.00250519183847286,-0.744671312197127,-2.11812071577601,-1.83875312428591,-5.09995301600469,0.596350601659424,-0.393823980045596,-0.0453277377849575,-0.0378086912123698,0.856778503969275
5.158372879,5.179744868,0.0170197832828569,5.42367884416713,-1.24726934811414,8.66614791959932,-0.770580572020291,-0.0827576009747977,-0.175971245007005,-0.00263871633849333,-0.744606350085546,-2.11966875347205,-1.83567358921528,-4.64340837881633,-0.744980426817165,-0.565534688048018,-0.0425382154867138,-0.0439034640525439,0.957803856513011
5.155321121,5.177513688,0.0177546995002996,5.42579890608795,-1.25320001047365,8.66296355648864,-0.771065597195147,-0.088688263334306,-0.179155608117689,-0.00312374151334993,-0.744662282230363,-2.12164818161998,-1.83252306292249,-6.43099290672558,0.487674583593162,-0.368722646455183,-0.0429312661212751,-0.0522597989192242,1.02378258961409
5.16478157,5.169545188,0.0184582720514092,5.42786273263548,-1.25841308928581,8.65954686056574,-0.771858090426152,-0.0939013421464676,-0.18257230404059,-0.00391623474435465,-0.744776095979278,-2.12403759641734,-1.82936591478778,-5.57880049935306,0.397844529270515,-0.27750107216832,-0.0435969634226847,-0.0485309843774154,1.12007520613922
5.159593582,5.168588968,0.0191049940673935,5.42986527497195,-1.26290673663004,8.65602881580851,-0.772892684766556,-0.0983949894907015,-0.186090348797821,-0.00495082908475875,-0.744876154661723,-2.1268030679774,-1.82625408758424,-6.611023126943,-0.390448100187314,-0.580209736412144,-0.048211692489954,-0.039858701830124,1.11547605761923
5.154100418,5.170182668,0.0197284655097429,5.43180997824704,-1.26673609109757,8.65255162665983,-0.774083026223523,-0.102224343958229,-0.189567537946502,-0.00614117054172514,-0.74488254013667,-2.12988764253975,-1.82323897407331,-6.77728268828207,0.172336573499706,-0.570645671889622,-0.0472014089833057,-0.0450480251243723,1.17506871986941
5.156236649,5.173688808,0.0202990443148324,5.4337080291874,-1.27000316212197,8.64924259063056,-0.775337434270504,-0.105491414982629,-0.192876573975767,-0.00739557858870621,-0.744725067341778,-2.1332203361853,-1.82036373611416,-6.53524921085295,0.342695168303862,-0.505777789876163,-0.0446563353692069,-0.0509293579321352,1.25495679532372
5.166307449,5.163807868,0.0208458748472203,5.43557808170274,-1.27284826894759,8.64621126822528,-0.776562966427054,-0.108336521808249,-0.195907896381048,-0.0086211107452564,-0.744343353529485,-2.13672687829851,-1.81765698684897,-7.2171695630513,-0.706471991554736,-0.437255139566957,-0.0457439933499169,-0.0491870907639331,1.230617619599
5.158678055,5.165082828,0.0213891063859407,5.43743655800879,-1.27543722423377,8.64354398829728,-0.777672582506145,-0.110925477094425,-0.198575176309047,-0.00973072682434795,-0.743688452707126,-2.14033457858911,-1.81513260160978,-7.04300723833836,-0.692295249826884,-0.283923439121452,-0.0453072429639381,-0.0436872793431224,1.24326863212502
5.151659012,5.167314008,0.0219320311889612,5.43930327544766,-1.27795357027338,8.6413018028383,-0.778586197838154,-0.113441823134041,-0.200817361768022,-0.0106443421563561,-0.742726970856076,-2.14396894612997,-1.81279832080768,-6.78896396230431,0.106649087309734,-0.42102112197361,-0.0494164283869987,-0.0459994444502145,1.27431439900994
5.156541824,5.160939208,0.0225242046282749,5.44119806570168,-1.28057329830718,8.63949761282146,-0.779252386188468,-0.116061551167836,-0.202621551784866,-0.0113105305066707,-0.741454054683833,-2.14757770218302,-1.81064080078732,-7.47126207202297,-0.13317157876304,-0.593796910292838,-0.0547226659757984,-0.0422246120812482,1.26599732054989
5.156236649,5.159664248,0.0231541820987647,5.44313494571828,-1.2834593209611,8.63811275956831,-0.779639640676793,-0.118947573821765,-0.204006405038013,-0.0116977849949956,-0.739881555348149,-2.15112421934472,-1.8086345910826,-6.63990752107742,-0.616167571973847,-0.624786271657797,-0.0623477107039951,-0.0391031682745998,1.29654063333476
5.154100418,5.168907708,0.023841399024758,5.44512137235404,-1.28674465021516,8.6370845328808,-0.779748878859891,-0.122232903075822,-0.205034631725528,-0.0118070231780936,-0.738047264933721,-2.15460047133168,-1.80673702860046,-7.84278029591349,-0.227180058779823,-0.613068789174804,-0.0693370372352153,-0.0373827942090613,1.28398647440757
5.156847,5.170182668,0.0246114682192531,5.44716266734177,-1.29052817339531,8.63632824750528,-0.779602114022443,-0.126016426255972,-0.205790917101046,-0.0116602583406451,-0.736002005789085,-2.15801589146786,-1.80490353606106,-7.14458635927264,-0.387415157091255,-0.494007313447867,-0.0706653189049624,-0.0387916833321157,1.34851978457626
5.16264534,5.179107388,0.0254226201264972,5.449254331663,-1.29485942017886,8.6357350666158,-0.779247935288278,-0.130347673039522,-0.206384097990524,-0.0113060796064802,-0.733810226645638,-2.16141439998119,-1.80307387299607,-7.50907035596407,-1.12081570726559,-0.761111408269471,-0.0719459843962693,-0.0393117241652928,1.36107869804628
5.15471077,5.173370068,0.0263029636142759,5.45139048140627,-1.29975494928169,8.63519834122362,-0.778741508554565,-0.135243202142348,-0.206920823382712,-0.0107996528727677,-0.731534726407392,-2.16484817188635,-1.8011930047181,-8.19334786028855,-0.422401734537516,-0.80397276869121,-0.0814312093674503,-0.0391016752393284,1.38130659562115
5.162340164,5.179107388,0.0272058886847824,5.45355365892311,-1.30518917661977,8.63459883235003,-0.778156906589687,-0.140677429480433,-0.207520332256294,-0.0102150509078897,-0.729247467580001,-2.16838695115193,-1.7992036660859,-7.75604985549018,-0.408073732982984,-0.694308568905512,-0.0923969058259808,-0.0413558197206815,1.47390773557243
5.161424637,5.174963768,0.0281094902813114,5.4557356484369,-1.31111256109423,8.63383914548787,-0.777562083015437,-0.146600813954888,-0.208280019118455,-0.0096202273336391,-0.72700800401853,-2.17209791865367,-1.79706227660876,-8.81300053149681,0.0279225969727577,-0.770193955388777,-0.0954345361088094,-0.0404311159247453,1.52532001101422
5.152879715,5.170182668,0.0290179888825295,5.45792115846182,-1.31744956224103,8.63285245971858,-0.777014636693658,-0.152937815101687,-0.209266704887748,-0.00907278101186082,-0.724857700000701,-2.17604959208266,-1.79473096438933,-8.63226747444429,-0.602948901001355,-0.936200487919763,-0.101731465777754,-0.0363365830056869,1.62367230218533
5.15471077,5.177513688,0.0298780086993353,5.46009798237284,-1.32410878546839,8.63160968208799,-0.776553478408548,-0.159597038329051,-0.210509482518338,-0.00861162272675009,-0.722816954529484,-2.18030264304426,-1.79218757448161,-9.07219637975192,-1.00132578601756,-0.878773402710067,-0.106902858496009,-0.0371963907341536,1.69083646191901
5.155931473,5.174645028,0.030709905331486,5.46225738477432,-1.33101300283148,8.63011479537328,-0.776196603476597,-0.166501255692142,-0.212004369233052,-0.00825474779479973,-0.720890767670584,-2.18488541703749,-1.78943165539207,-10.2549227616195,-0.731502065380255,-0.984703434633957,-0.109123698947645,-0.0379136103990206,1.7466314072989
5.160509109,5.174326288,0.0315040289110438,5.46439344501829,-1.33808922108653,8.62840598440974,-0.775941954870808,-0.173577473947194,-0.213713180196583,-0.00800009918901001,-0.719067463552476,-2.18980603490558,-1.78648072249539,-9.83113642316363,-1.95047458225667,-0.81658078232195,-0.101674996774978,-0.0409423798044234,1.90619479520207
5.154405594,5.168907708,0.0322647623804908,5.46650470367037,-1.34527278670099,8.62654776279821,-0.775773633861979,-0.180761039561655,-0.215571401808113,-0.00783177818018166,-0.717322236115997,-2.19505842103357,-1.78336173448051,-11.8716801338956,-0.040110228733738,-0.748990153093729,-0.0994781328581578,-0.0452810967436665,2.02878405934046
5.152574539,5.173051328,0.0330302027133277,5.46859183147513,-1.35252799069301,8.62463476510581,-0.775653631954989,-0.188016243553667,-0.217484399500513,-0.00771177627319197,-0.715616633774499,-2.20060185224486,-1.78012200635204,-11.6278357440192,-0.265837353803818,-0.830987935529947,-0.104809580695294,-0.044609515724493,2.20330417742885
5.16264534,5.160620468,0.0337950320519034,5.47065626869959,-1.35982919630694,8.62275914038614,-0.775547458478841,-0.195317449167597,-0.219360024220192,-0.00760560279704336,-0.713916858539389,-2.2063898383578,-1.77680856783536,-12.9187629040863,-0.449356089893627,-0.856543812045146,-0.107047406885979,-0.0394176816150219,2.30039091750331
5.148607254,5.159982988,0.0346215877471284,5.47270070150419,-1.36717267303798,8.62103248730369,-0.775405882485654,-0.20266092589864,-0.221086677302637,-0.00746402680385683,-0.712179639200245,-2.21235749440022,-1.77347513325236,-12.8529578142746,-0.50475001636687,-0.872441455869819,-0.109253887301561,-0.0340203144185036,2.3955002231312
5.153184891,5.165082828,0.0355267370929723,5.47472939870675,-1.37456126007448,8.61952667787455,-0.775205452324098,-0.210049512935138,-0.222592486731774,-0.0072635966423007,-0.710389753498987,-2.21844328086049,-1.77016812462719,-13.2469315441029,0.287116262873724,-0.865978187443773,-0.100130295140509,-0.0321380033208433,2.47672816345954
5.156847,5.157114328,0.0365206101289116,5.47674520889365,-1.38201497624874,8.61829602190742,-0.774932125088375,-0.217503229109403,-0.223823142698912,-0.00699026940657754,-0.708543255253685,-2.22458119754684,-1.76692670318329,-14.1172585169921,-0.362923034061168,-0.767183824544418,-0.0913281274359807,-0.0325954139201843,2.5506211226785
5.159288406,5.168270228,0.0376463371426182,5.47874901299762,-1.3895529602202,8.61736279993903,-0.774590968897008,-0.225041213080863,-0.2247563646673,-0.00664911321521033,-0.706655563349609,-2.23071879858981,-1.76377479323093,-14.641669979674,0.0119122050361966,-0.801805183811496,-0.0781452684858808,-0.0403196518403738,2.70774400063977
5.153490067,5.166995268,0.0388816506892372,5.48073967830657,-1.39720082669179,8.61673088464188,-0.774196070480302,-0.232689079552449,-0.225388279964449,-0.0062542147985043,-0.704750031245099,-2.23680886910358,-1.76072482701689,-15.0181244407708,0.333198850014014,-0.625529256156227,-0.0740217185739858,-0.0468760212425748,2.84292581466066
5.15471077,5.174963768,0.0402574033365343,5.48271812833712,-1.4049769656496,8.61636809369806,-0.773781362277624,-0.240465218510263,-0.225751070908267,-0.00583950659582599,-0.702869925816987,-2.24281835207232,-1.75777634941527,-16.2736823140679,0.114856700586415,-0.747800611806355,-0.0826078293072983,-0.0329774645213965,2.87257357885858
5.166612625,5.166039048,0.0417425743167558,5.48468615499706,-1.41289968347283,8.61623225545157,-0.773382688744071,-0.248387936333495,-0.225886909154761,-0.00544083306227316,-0.701058579857475,-2.24872605743524,-1.75491261848084,-15.2631399707935,-1.75614286763289,-0.808718788881379,-0.0873668445931326,-0.0228329905185298,2.95431472664423
5.153490067,5.185800928,0.043319659998085,5.48664396649677,-1.42097840522875,8.61625539643728,-0.773044843688313,-0.256466658089407,-0.225863768169049,-0.00510298800651576,-0.699372329146817,-2.25451978876315,-1.75211256042086,-16.9446906531053,-0.6455668371716,-0.58657194895116,-0.0818803057272013,-0.024589802378771,3.04293525469103
5.152574539,5.180701088,0.044993263199064,5.48859735584228,-1.4292157290643,8.61637975453005,-0.772801509217348,-0.264703981924956,-0.225739410076272,-0.00485965353555051,-0.697853431174585,-2.26019463092428,-1.74935105938677,-16.9597727750242,-0.0622547817424675,-0.540156090387967,-0.0741530346100863,-0.0300611627893255,3.21481199125147
5.155321121,5.176876208,0.0466981010458736,5.4905535754379,-1.43760795393801,8.61654898400446,-0.772678853520066,-0.273096206798667,-0.225570180601867,-0.0047369978382682,-0.696537435358927,-2.26575377686057,-1.7465990575077,-18.1196951015849,-0.834413131284236,-0.53232481408304,-0.0713508633963991,-0.0342828049704607,3.3766630672343
5.164171219,5.171138888,0.0484373293723312,5.49252018361181,-1.44614582844942,8.61672595960337,-0.772684601236802,-0.281634081310081,-0.225393205002954,-0.00474274555500476,-0.695443026337313,-2.27119479863574,-1.74384088633647,-19.3841916284165,0.129627462254348,-0.68905491723126,-0.0754795030413096,-0.030353590392784,3.52711551564247
5.147996902,5.178469908,0.0501817845257038,5.49450516561741,-1.45482239793118,8.61689738175343,-0.772804946574904,-0.290310650791836,-0.225221782852902,-0.00486309089310599,-0.694568086040141,-2.27651143162928,-1.74106612520135,-19.250687435165,-0.339859825277017,-0.695752366640789,-0.0831542360153206,-0.0210416681633183,3.6672781039579
5.157457352,5.175282508,0.0519056543889499,5.49651919069455,-1.46361132059172,8.61705810581814,-0.773019922217931,-0.29909957345238,-0.22506105878819,-0.00507806653613319,-0.693902629082737,-2.28170645291257,-1.73827103359986,-20.5416208363363,-1.15925399899402,-0.993689829325064,-0.101333708862272,-0.0113069633139887,3.71832251117782
5.163560867,5.166039048,0.0536110701110852,5.49857374139055,-1.47247767637985,8.61721408651921,-0.773303002664729,-0.307965929240509,-0.224905078087119,-0.00536114698293166,-0.693425540436463,-2.28678966845825,-1.73545245729691,-20.4390858452801,-0.423414757120554,-0.950909537780745,-0.103449069317819,-0.0101149706557918,3.86560972621119
5.155321121,5.166039048,0.0552556107070012,5.50067150415642,-1.48138883842813,8.61738856102068,-0.773615020380284,-0.316877091288793,-0.22473060358565,-0.00567316469848667,-0.693102591240831,-2.29176319295923,-1.73261844784063,-21.574763404632,0.365597302180504,-0.94708240967276,-0.0934386329101979,-0.0185499720165718,4.00668793774167
5.159288406,5.166676528,0.0568710315555864,5.50281346081239,-1.4902986668455,8.61759551373481,-0.773927346767853,-0.325786919706158,-0.224523650871513,-0.00598549108605573,-0.692905383191605,-2.2966369851255,-1.72977971340743,-22.7310572098932,-0.180661500662836,-0.970602344416562,-0.0866464858595153,-0.0210504577195993,4.14150675774227
5.159288406,5.168907708,0.0584372511065911,5.50500262154797,-1.49915310850222,8.61784999207751,-0.77421399478351,-0.33464136136288,-0.224269172528814,-0.00627213910171243,-0.692805114634231,-2.30143079036308,-1.72694094055427,-22.7856308851307,-0.161994840026409,-0.891078818309552,-0.0829530434591259,-0.0222304209338408,4.32382315420875
5.167222977,5.160620468,0.0599535233356757,5.50723351216449,-1.50790119040275,8.6181497386226,-0.774464013821878,-0.34338944326341,-0.22396942598373,-0.00652215814008061,-0.692784346306912,-2.30616396169836,-1.72410309130387,-24.2237421045742,0.461889223550997,-1.07104776720976,-0.093136151257283,-0.0161199247995698,4.42652901447401
5.153490067,5.164764088,0.0614570781083594,5.50949560382384,-1.51648891343593,8.61847325640227,-0.774684387813372,-0.351977166296592,-0.223645908204061,-0.00674253213157405,-0.692839165087291,-2.31085996083151,-1.72126492702927,-24.1945928005616,-0.214570315419223,-1.1301658569239,-0.101686142776787,-0.00448148568064266,4.52858172140438
5.161119461,5.162851648,0.0629324174939388,5.51178269748646,-1.52487239906871,8.61877322615661,-0.774899560735615,-0.360360651929368,-0.223345938449718,-0.00695770505381721,-0.692985386946896,-2.31554336591038,-1.71841028443054,-24.7183761102718,-0.943916977942763,-1.18354025158487,-0.0959612864975026,0.00279909695988606,4.62302563910038
5.162950516,5.168907708,0.0644222146005822,5.51408006812601,-1.5330248229639,8.61902529592267,-0.775120094106508,-0.368513075824556,-0.223093868683653,-0.00717823842471033,-0.693226185844077,-2.320220353387,-1.71553263727094,-25.6780732752002,-0.349217451946288,-1.06262951886183,-0.0771488523045725,0.000910201367592067,4.75722464040344
5.154100418,5.170501408,0.0659188562762961,5.51637683900712,-1.54092475963612,8.61917599212248,-0.775376729605264,-0.376413012496776,-0.222943172483843,-0.00743487392346609,-0.693586662585369,-2.32489601490327,-1.71261819278286,-26.0111194339518,-1.27827706921357,-0.876016533826885,-0.0510634244015002,-0.00101225728325138,4.94551549868023
5.152879715,5.176557468,0.0674360415714675,5.51865967546669,-1.54857172228482,8.61916858517653,-0.775701097855304,-0.384059975145485,-0.222950579429796,-0.00775924217350699,-0.694097368650543,-2.32956416009654,-1.70964814467321,-28.0492514533325,-0.872542060302749,-0.878014515191609,-0.0414292479962022,-0.00514155843100805,5.10779761258565
5.161729813,5.167314008,0.0690197556979776,5.5209214928267,-1.55597895431222,8.61896806680397,-0.77610840477427,-0.391467207172876,-0.223151097802354,-0.00816654909247294,-0.694777662634276,-2.33420396107593,-1.70661072834579,-28.3744941274531,-0.181807239175441,-0.77363941236365,-0.0499332756525952,-0.00186858185259747,5.34835692914305
5.148607254,5.169226448,0.0706386400042748,5.52315525187504,-1.56318717050974,8.6185655306158,-0.776593629434244,-0.3986754233704,-0.223553633990527,-0.00865177375244608,-0.695632194799927,-2.3387669318481,-1.70351029047649,-29.6966125070602,0.267914528029451,-0.748459169060794,-0.055760500860611,0.00585566801744025,5.53699285082534
5.160203934,5.174007548,0.0723223874338306,5.52535543210102,-1.57024728322989,8.61796147773302,-0.777143992452822,-0.405735536090549,-0.224157686873312,-0.00920213677102399,-0.696661569945508,-2.34319744320918,-1.7003533195492,-31.0618692702209,-0.299366854284472,-0.882486759821546,-0.0548382376342365,0.0201628720652924,5.66534810977119
5.161424637,5.180382348,0.0740647461951324,5.52752438098056,-1.57722054418745,8.61718423522687,-0.777724960858334,-0.41270879704811,-0.224934929379454,-0.00978310517653636,-0.697849369300018,-2.34742705955858,-1.6971570213897,-31.133816582735,-0.592972534920136,-0.821978463578517,-0.0409852425397763,0.020797025410729,5.8484607121627
5.161729813,5.171138888,0.0758623696254404,5.52966740331987,-1.58417597486189,8.61628427019581,-0.778287757307031,-0.419664227722554,-0.225834894410522,-0.0103459016252339,-0.69916433904713,-2.35137663694303,-1.69395205088601,-32.7394026454527,-0.103199837773445,-0.562946941034966,-0.0236692513383079,0.0121563451307839,6.00190254487426
5.155321121,5.172413848,0.077725652825363,5.53178819840313,-1.59116934837192,8.61531284418748,-0.778786524988759,-0.426657601232583,-0.226806320418845,-0.0108446693069612,-0.700571944026867,-2.35498086979949,-1.69076578053221,-33.240258636191,0.601757958833787,-0.509057107696407,-0.00736558828050393,0.00378301908813178,6.19088125979237
5.161119461,5.165401568,0.0796237777987625,5.5338949518403,-1.59825010848695,8.61433532814394,-0.779165908200353,-0.433738361347614,-0.227783836462384,-0.0112240525185557,-0.70202557921227,-2.35817868536217,-1.6876304573253,-34.1486642656192,0.121538819789293,-0.571120656318186,-0.00633978097595067,0.00388573388854402,6.32741522727977
5.164476395,5.165401568,0.0815860743402086,5.53599966669203,-1.6054502730008,8.61342043097708,-0.779372534180184,-0.440938525861456,-0.228698733629244,-0.0114306784983862,-0.703471042415227,-2.36092869605129,-1.68457091000538,-35.0742836236427,0.110295396450283,-0.727297526605781,-0.0166304242793847,0.0179303179177666,6.42881036722822
5.159898758,5.167632748,0.0835893337753773,5.53810578660258,-1.6127879469038,8.61262058402075,-0.779366431605721,-0.448276199764464,-0.229498580585574,-0.0114245759239233,-0.704859913933427,-2.36320253050839,-1.68161050070006,-34.5421078989718,-0.530838129679069,-0.790467662991972,-0.0122010333929086,0.0270532979508128,6.5463863421168
5.152879715,5.167314008,0.0856313082248466,5.54022240398534,-1.62025512844044,8.61195798906691,-0.77913343844405,-0.4557433813011,-0.230161175539415,-0.0111915827622526,-0.706158045465986,-2.36500188741735,-1.67875669103431,-36.0443622320296,-0.361609535135358,-0.794131947673947,-0.00834723251789748,0.0309327590021804,6.59918471288798
5.162034988,5.158389288,0.0877319849764247,5.54235107716099,-1.62782184772034,8.611445534524,-0.77867169765714,-0.463310100580999,-0.230673630082324,-0.0107298419753422,-0.707331067447837,-2.36635391903909,-1.67600462506326,-35.9146358545154,-1.01804898223827,-0.661469999780223,-0.002256117562629,0.0195216292244382,6.76144386171842
5.159898758,5.159026768,0.0898698254460499,5.54449496537233,-1.63544563855424,8.6110598206616,-0.778005126625494,-0.470933891414903,-0.231059343944731,-0.010063270943697,-0.708365555792118,-2.36730232688839,-1.67333827050755,-37.3623183168434,-0.0479787453664358,-0.633069669308469,0.000875705281921935,0.00306280388763597,6.96531523322224
5.155321121,5.166357788,0.0920662649494715,5.54664767229541,-1.64307178210859,8.61076089124425,-0.77717257325881,-0.478560034969254,-0.231358273362076,-0.0092307175770121,-0.709255479955692,-2.36790745325941,-1.67073170368563,-38.9321762515221,-0.107267292810775,-0.720287404762871,0.00356286220593249,-0.0014924155326998,7.175239603659
5.157762527,5.166995268,0.0943076840140478,5.54880535245763,-1.6506368494492,8.61049342217334,-0.776226720742511,-0.486125102309859,-0.231625742432991,-0.00828486506071391,-0.710003015718751,-2.36824203472116,-1.66815238043292,-39.4011195306576,-0.351846399223632,-0.806392881803106,-0.0119776517622663,0.00743242694889551,7.40354272517688
5.154405594,5.163170388,0.0965851449043442,5.55096035917383,-1.65808309340268,8.61018746017261,-0.775230987193744,-0.493571346263342,-0.231931704433721,-0.00728913151194632,-0.710619434621507,-2.36838110980242,-1.66556170498965,-41.1940514246202,-0.579416858346121,-1.05104235317944,-0.0375179621511439,0.0191661660257427,7.56992478746711
5.154405594,5.168907708,0.0989097277339751,5.55310274403029,-1.66537057240554,8.60978265811138,-0.774239480215381,-0.500858825266201,-0.232336506494942,-0.00629762453358318,-0.71111313272818,-2.36838433195457,-1.66292994454859,-41.7420855427139,-0.290660236749318,-1.18769172712598,-0.0450203091358152,0.0225851376345312,7.80979404613351
5.157457352,5.172732588,0.101237872720571,5.55521901323296,-1.67247024409773,8.60922131056723,-0.773304454145917,-0.507958496958389,-0.232897854039097,-0.00536259846411979,-0.71149363516788,-2.3683078993048,-1.66022772892128,-43.1724182834158,0.113478448926344,-1.1237184600823,-0.0350131500436088,0.0139439492904981,8.02000096636567
5.162340164,5.167632748,0.103582175323272,5.55730565487962,-1.67938056931156,8.60848225130326,-0.772449736617855,-0.514868822172221,-0.233636913303066,-0.00450788093605725,-0.711751363038361,-2.3681787946485,-1.65744668979133,-44.2522625989499,0.148537108844948,-0.97272159386884,-0.0290992896018647,0.00247056985101662,8.17995049178562
5.15471077,5.168588968,0.105901532971261,5.55935329923323,-1.68612387248134,8.60756671001985,-0.771680734279827,-0.521612125341996,-0.234552454586481,-0.00373887859802968,-0.711866596859279,-2.36800505026612,-1.65458992232455,-44.1568645219584,-0.473623465499713,-0.928635794646539,-0.0208876146084656,-0.0044616545421155,8.33492678150453
5.155321121,5.176238728,0.108175472329306,5.56135765560225,-1.69273520275855,8.6064854452904,-0.770993667372363,-0.528223455619212,-0.235633719315926,-0.0030518116905659,-0.711817904595894,-2.36778297431452,-1.65167125886968,-45.4576881625563,-0.302935392388008,-0.987569232662338,-0.0180763490829055,-0.00489394205835264,8.41094770281016
5.167222977,5.174326288,0.110420823241758,5.56332312342672,-1.69927593411938,8.60529146655051,-0.770351254314825,-0.534764186980041,-0.236827698055816,-0.00240939863302714,-0.711558948056905,-2.36748619837811,-1.64871536357192,-45.3091049366281,-1.21889850980961,-1.20030634107715,-0.0249101884697911,-0.000755400710990728,8.54767390478447
5.158678055,5.173051328,0.112596280650136,5.56525579562184,-1.70581420164082,8.60404600715398,-0.76970706476999,-0.541302454501484,-0.238073157452344,-0.00176520908819244,-0.71104030672956,-2.3670822963898,-1.6457549467156,-46.4755065861623,-1.06939999437827,-1.18438759123504,-0.0267519405519132,0.000575783783776596,8.71101732705499
5.154405594,5.173051328,0.114733015206651,5.56716251634621,-1.71242668466337,8.60282025387986,-0.769004432411,-0.547914937524032,-0.239298910726468,-0.0010625767292024,-0.710208009607529,-2.36653306751426,-1.64282515578958,-48.0352893256294,-0.606518605976362,-1.09402961866385,-0.0327742856537698,-0.00617839329961395,8.9258817775394
5.152269363,5.179744868,0.116831188145445,5.56905706436463,-1.71918404124307,8.60168965625095,-0.768181506456353,-0.554672294103727,-0.240429508355373,-0.000239650774555678,-0.709004930425624,-2.36580289132483,-1.63996238519323,-48.8406727433467,-0.403960056590904,-1.22265975980838,-0.0346265851137111,-0.0198455475536207,9.21344516410014
5.163560867,5.167951488,0.118919688326263,5.57095838983512,-1.72614898368525,8.60071383176415,-0.767187100796777,-0.561637236545912,-0.241405332842179,0.00075475488502097,-0.707382906098305,-2.36486970508204,-1.63719122278669,-50.801796825976,0.0223184846706772,-1.32383429404638,-0.0478161416400096,-0.0311611420415776,9.4415813410841
5.147996902,5.160939208,0.121044497354246,5.57287715358882,-1.73336939990503,8.59993817733326,-0.765978691886532,-0.568857652765686,-0.242180987273064,0.00196316379526584,-0.705302734253181,-2.36371939663742,-1.63453616575418,-51.4062721564586,-0.349358010102378,-1.44059180045667,-0.0640964898213046,-0.0346314289326103,9.64768326073267
5.153795242,5.168588968,0.123203988661172,5.57482428026486,-1.74087347871518,8.59937656132555,-0.764537259882306,-0.576361731575841,-0.242742603280782,0.00340459579949115,-0.702744259517737,-2.36236359302107,-1.63200058851507,-52.3560199184111,-1.4121246766922,-1.4623718500402,-0.0788409076786563,-0.0307662637455304,9.82227499728369
5.159898758,5.156476848,0.125466576816103,5.57681062335576,-1.74866246615988,8.59903752818306,-0.762851378035609,-0.584150719020538,-0.24308163642327,0.00509047764618831,-0.699689393478471,-2.36083054492617,-1.62958247310229,-54.0704893841722,-1.09030284807,-1.58111941617653,-0.0871293622907752,-0.024926707063119,10.062965820789
5.157457352,5.157433068,0.127840454007883,5.57883809383413,-1.75671981792946,8.5988919764741,-0.760937874337335,-0.592208070790125,-0.243227188132225,0.00700398134446212,-0.696145834800105,-2.35916593673449,-1.62726945181158,-54.9161420205969,0.150879314109034,-1.54038361033886,-0.0929829443079466,-0.0333145065657818,10.3818717029607
5.153490067,5.169863928,0.130330964283396,5.58090346030318,-1.76500321759816,8.59888810433508,-0.758835219473764,-0.600491470458824,-0.243231060271246,0.00910663620803343,-0.692137271742521,-2.35743762166766,-1.62503754161461,-57.4654776896932,0.372220453670252,-1.55246969776482,-0.109654571286379,-0.039781045121311,10.5937701357701
5.157457352,5.169226448,0.132969511834553,5.58300034467496,-1.77345550489392,8.59895814541634,-0.756597423408826,-0.608943757754577,-0.243161019189987,0.0113444322729714,-0.687700644263871,-2.35572476184186,-1.6228565961569,-57.6618975800014,0.385426902776771,-1.77583860631708,-0.122121193344664,-0.0465865620825224,10.8159760458681
5.164476395,5.166676528,0.135710887172303,5.58511905299384,-1.78201382094747,8.59904248905433,-0.754276751007439,-0.617502073808135,-0.243076675551993,0.0136651046743584,-0.682872555095178,-2.35410479652442,-1.62070105108054,-58.341875755384,0.505116086161024,-1.90827618326313,-0.130926817429654,-0.053460963825974,10.9633597263173
5.157457352,5.177832428,0.138564685742217,5.58724188279208,-1.79060722054673,8.59907042452186,-0.751937306381521,-0.626095473407386,-0.243048740084468,0.0160045493002764,-0.677702828111778,-2.35265595035587,-1.61855005764802,-59.5062273612138,-0.517164849418123,-1.93280938448444,-0.140157642099946,-0.0557724982563004,11.1001146646381
5.159288406,5.172732588,0.141476936690214,5.58935227800884,-1.79917410338753,8.59898918694769,-0.749632848277788,-0.634662356248187,-0.243129977658642,0.0183090074040096,-0.67223524302007,-2.35144500531332,-1.61638833195277,-59.7330117065724,-0.587093364184511,-1.93013380230119,-0.143314582621966,-0.0627718047578249,11.3349671291961
5.158678055,5.176238728,0.144414302792116,5.5914390362439,-1.80765053138744,8.59874030511648,-0.747422001231887,-0.643138784248104,-0.243378859489843,0.0205198544499108,-0.66652530977858,-2.35053241156907,-1.61420941221519,-62.1684888523817,0.102880568945011,-1.96493317643541,-0.151111318098238,-0.0708535415162825,11.5930468782062
5.158983231,5.170820148,0.147364273446299,5.59349316576382,-1.81598453804719,8.59828967050299,-0.74534667879662,-0.651472790907849,-0.243829494103341,0.0225951768851776,-0.660619242081834,-2.34996109265129,-1.61201883184119,-63.2822279147197,0.887314528256866,-2.05505298254428,-0.168390272418634,-0.0759602620090873,11.8912254284004
5.152879715,5.183251008,0.150260516663237,5.59551037806098,-1.82414617628547,8.59762194879716,-0.743432228420375,-0.659634429146132,-0.244497215809167,0.0245096272614224,-0.654557457958366,-2.34975210094699,-1.60983250372286,-64.9292101106194,-0.219680809186684,-2.26857325189542,-0.196861998869619,-0.0739988612017868,12.1349342756467
5.160509109,5.180063608,0.153123381843351,5.59749458441703,-1.83211459214896,8.59673464811884,-0.741693381563493,-0.667602845009619,-0.245384516487489,0.0262484741183047,-0.648378102172369,-2.34991249304827,-1.60767622522022,-66.735551114689,0.659536941151373,-2.49371336791256,-0.220182911255633,-0.072101559567387,12.3793606958289
5.163866043,5.173688808,0.155929832922168,5.59945626961804,-1.83988991452563,8.59563125175402,-0.740135891672454,-0.675378167386287,-0.246487912852308,0.0278059640093431,-0.642120054480543,-2.35042728101112,-1.6055840235122,-67.099789779969,0.610276246757621,-2.53080880722996,-0.23200548462722,-0.0774902770135593,12.6272889679346
5.15471077,5.170501408,0.158678782464915,5.60140712639739,-1.84748701715145,8.59433402748638,-0.738746945696682,-0.682975270012109,-0.24778513711995,0.0291949099851159,-0.635814403363181,-2.35126679092091,-1.60359501088764,-68.6909777415569,0.289867116999858,-2.49169772055615,-0.237060737564189,-0.0734210854619824,12.7578236672308
5.163560867,5.174645028,0.161412065825498,5.60336508636668,-1.85491741170983,8.59285723004117,-0.737519580314851,-0.69040566457049,-0.249261934565162,0.0304222753669461,-0.629497780130829,-2.35240705271646,-1.60173924041335,-68.8719365288862,-0.347611297780759,-2.42894466539289,-0.241583897267977,-0.0785661237542502,12.9590325067392
5.162340164,5.173051328,0.16412404462422,5.6053519224872,-1.86221177635823,8.59122743452723,-0.736432648479583,-0.697700029218892,-0.250891730079093,0.0315092072022148,-0.623200319319887,-2.35380555243497,-1.6000513488695,-70.4114608501816,0.907316964205847,-2.51951939638835,-0.2525594081272,-0.0848491665851334,13.1978785817853
5.15471077,5.162214168,0.166870400137639,5.6073825973708,-1.86940585916152,8.58946825250131,-0.73546586004719,-0.704894112022182,-0.252650912105016,0.0324759956346078,-0.616954247117172,-2.3554137052697,-1.59856579858937,-72.5018336327852,0.924404827113676,-2.75935986209765,-0.277489696882874,-0.083070815140438,13.4704692987947
5.153490067,5.165720308,0.169658289524326,5.60947030279276,-1.87652370968389,8.58760398421954,-0.734599858662264,-0.712011962544548,-0.254515180386788,0.0333419970195331,-0.610790110818355,-2.35719593175337,-1.59730430344001,-73.2170521720521,0.469667753411386,-3.05208809860792,-0.300978922492596,-0.0836018914926262,13.7828922854913
5.159288406,5.160301728,0.17250171162881,5.61162481975978,-1.88360559650649,8.58567727048367,-0.733801038379381,-0.719093849367154,-0.256441894122657,0.0341408173024164,-0.604725684716968,-2.35910133172086,-1.59629077500102,-75.285789757582,1.15261933032275,-3.26095471046312,-0.324404662733498,-0.0838549199975413,13.9830478732831
5.163866043,5.161576688,0.175429223103086,5.61384585181348,-1.89068110171938,8.58373255800313,-0.733038281752581,-0.726169354580036,-0.258386606603192,0.0349035739292161,-0.598775489461696,-2.36108792852563,-1.59554347015506,-75.496463154826,0.0675977414166482,-3.12811712590843,-0.339707132281771,-0.081124254349939,14.1939254229
5.15104866,5.162214168,0.17840868092049,5.61612638179245,-1.89777363855421,8.58180723427667,-0.732287393960232,-0.733261891414874,-0.260311930329655,0.0356544617215655,-0.592956270307566,-2.3631209980659,-1.59506939038155,-76.9269910316727,-0.158068369167495,-3.19586677080477,-0.34468977105304,-0.0846277779273762,14.3913880531827
5.152269363,5.166995268,0.181456455700071,5.61845280063423,-1.90491259485243,8.57996462848998,-0.731507890210637,-0.740400847713086,-0.262154536116352,0.0364339654711601,-0.587268270684784,-2.36515638738561,-1.59488119037662,-78.7489654296465,-0.026442872266216,-3.15552546873408,-0.348241116831384,-0.0923620256212662,14.6510632085733
5.161729813,5.167951488,0.184524692709733,5.62080866028327,-1.91211627684425,8.57827401951038,-0.7306595493704,-0.747604529704909,-0.263845145095948,0.0372823063113976,-0.58170466363749,-2.36716080629513,-1.59498404936684,-79.6035314716127,0.802213001705923,-3.19537492291096,-0.360094458250423,-0.090899145254261,14.9564609215187
5.158067703,5.165082828,0.187578430053029,5.62317104438512,-1.91940674821021,8.57679991667096,-0.729706653648967,-0.754895001070871,-0.265319247935368,0.0382352020328303,-0.576259706573103,-2.36910028363678,-1.59537867277499,-81.6562724959873,1.42498533062462,-3.38405855015827,-0.375828721073963,-0.0782541093923979,15.1465183907147
5.153490067,5.171776368,0.190616687916079,5.62551415743825,-1.92679467414757,8.57559464536163,-0.728624265570671,-0.762282927008226,-0.266524519244701,0.0393175901111265,-0.570933167395057,-2.37095496880091,-1.596055275705,-81.9040679914927,0.485464285315629,-3.62711082154169,-0.395481185561712,-0.0639697616755235,15.3487900320557
5.165086746,5.170820148,0.193578409319539,5.62781943392258,-1.9342954232203,8.57471710469818,-0.727384595155288,-0.769783676080959,-0.267402059908147,0.0405572605265093,-0.565718011315524,-2.37270139558043,-1.597005668105,-82.9160334825249,-0.629095163641068,-3.79698591211772,-0.407286427815918,-0.0616535590740254,15.5504926315339
5.160203934,5.175919988,0.196461991421946,5.63007025896756,-1.94192064230341,8.57418980210417,-0.725984316454423,-0.777408895164066,-0.267929362502155,0.0419575392273749,-0.560628304495287,-2.37432772671771,-1.59821081583825,-84.9062624664913,0.312519486431484,-3.47227454671668,-0.4022292287452,-0.0639683270517344,15.8111342493792
5.155321121,5.172413848,0.19924106250352,5.63225073413941,-1.94967438306463,8.57400947335841,-0.724437675139483,-0.785162635925287,-0.268109691247918,0.043504180542315,-0.555691437198513,-2.37583476593147,-1.59964008463937,-85.9801269841769,1.35291220347312,-3.43322284834164,-0.390793806549055,-0.0763132032939188,16.1313476163881
5.157457352,5.178788648,0.20191259247802,5.6343578566804,-1.95755659966335,8.57416384928941,-0.722764222240292,-0.793044852524012,-0.267955315316918,0.0451776334415055,-0.550937528680387,-2.37722832784139,-1.60126158239528,-87.8452961159773,1.89263834308895,-3.37154239833797,-0.393818754783218,-0.075260752962929,16.337430562469
5.165391922,5.171776368,0.204506108022996,5.6363930796427,-1.9655478272601,8.57458846580869,-0.72102060125792,-0.801036080120759,-0.267530698797634,0.0469212544238778,-0.546425231250499,-2.37854088724524,-1.6030240242099,-87.9833445611998,0.10552968908496,-3.63063865889922,-0.406050958985223,-0.0659232868545303,16.5347655162992
5.162340164,5.171138888,0.206998870267857,5.6383585298271,-1.97362422439229,8.57519636347031,-0.719276899184559,-0.809112477252954,-0.266922801136017,0.0486649564972381,-0.542223000685671,-2.37980874848929,-1.60487548242251,-89.4221628630339,0.51215632770527,-3.74429831430774,-0.413871347653505,-0.0537273692235782,16.7572622019391
5.152879715,5.170182668,0.209449349193546,5.64026845979964,-1.98175120293649,8.5758945899696,-0.717604633498783,-0.81723945579715,-0.266224574636727,0.0503372221830142,-0.538398622901631,-2.38107891308689,-1.6067580115072,-91.6271092319725,0.775825714750454,-3.87968089000591,-0.420537480799613,-0.0446156341048364,17.0592912094943
5.158067703,5.163489128,0.211872466379982,5.64213787342581,-1.98989279638848,8.57657676429467,-0.71608114031273,-0.825381049249139,-0.265542400311661,0.0518607153690679,-0.535023999390907,-2.38239531205001,-1.60861886052006,-92.3017898979125,1.99720689824335,-3.71470706376144,-0.411340901680042,-0.0451433840971628,17.3962001850081
5.156541824,5.159982988,0.214295695044946,5.64398390760724,-1.99800157233636,8.5771369219949,-0.71478109836176,-0.833489825197024,-0.264982242611431,0.0531607573200372,-0.53216646067115,-2.38380563327251,-1.61040726556568,-94.50766584123,1.21852955677332,-3.7546106494309,-0.408805133164978,-0.0419440044118252,17.5545209575613
5.152574539,5.166357788,0.216766908897425,5.64581965628461,-2.00602699599516,8.57749753631251,-0.713758093243982,-0.84151524885582,-0.264621628293821,0.054183762437816,-0.529870024335044,-2.3853479228781,-1.6120886276346,-94.2641893507735,-0.103592508311294,-3.65641974866429,-0.405161775758144,-0.0398183768762628,17.7533659348101
5.16264534,5.166039048,0.219285799434613,5.64766266192355,-2.01391875408615,8.57759557946753,-0.713050647720295,-0.849407006946808,-0.264523585138798,0.0548912079615024,-0.528166657333812,-2.38705190378398,-1.61363694373824,-95.9766901995586,0.634894776957026,-3.67406621642127,-0.400140646384008,-0.040114878009855,18.0022780262253
5.15471077,5.158708028,0.22189677746296,5.649521899808,-2.02164632951276,8.57741754268969,-0.712657417697719,-0.857134582373418,-0.264701621916632,0.0552844379840786,-0.52705365308133,-2.38891509933779,-1.61505235445056,-98.291795196855,0.95322487077442,-3.69139031442108,-0.401772609593963,-0.0337531327387582,18.3053513823625
5.154100418,5.158070548,0.224590787189039,5.65140420363139,-2.02918077835448,8.57698637045963,-0.712548726405772,-0.864669031215136,-0.265132794146693,0.0553931292760258,-0.526502460893157,-2.39092386676444,-1.61635088206898,-99.0343273252097,0.845592177539856,-3.70941943617319,-0.397110207901751,-0.0273017725572303,18.6086540668712
5.154405594,5.167632748,0.227373519511358,5.65331112136541,-2.03650365779707,8.57635808055535,-0.712672263134601,-0.871991910657735,-0.265761084050979,0.0552695925471968,-0.526458699005333,-2.39304727410944,-1.61756431597944,-100.865667112966,0.751103930354247,-3.8099538916664,-0.39568100070585,-0.0224893535199694,18.8226500297521
5.161424637,5.173051328,0.230257902243494,5.65524646478716,-2.04362893775711,8.57562671923335,-0.71294216745402,-0.879117190617774,-0.266492445372981,0.0549996882277777,-0.526843295369228,-2.39522280050547,-1.61874260929573,-101.42135119748,0.339038082899151,-3.96419472073387,-0.394188884064034,-0.0235291892577933,19.0946866757009
5.151964188,5.169226448,0.233195570664695,5.65720223370017,-2.05058274009783,8.57490176340816,-0.713261141475257,-0.886070992958494,-0.26721740119817,0.054680714206541,-0.527564314046654,-2.39737977885888,-1.6199417726253,-103.50506904025,0.84027848663095,-3.83437358753682,-0.386086484398425,-0.030640530039744,19.4141902229153
5.155626297,5.174007548,0.236199213946211,5.65917172094981,-2.05741038074052,8.57429982745974,-0.713525650052953,-0.892898633601176,-0.267819337146587,0.0544162056288443,-0.528523541009308,-2.39943257772143,-1.62122765076402,-106.121803547179,1.93978660726452,-3.79809786728919,-0.375390592275732,-0.0304271388295194,19.7564605468064
5.160509109,5.177194948,0.239232783990723,5.66115138082064,-2.06417972695624,8.57394179307685,-0.713627749849042,-0.899667979816901,-0.268177371529474,0.0543141058327558,-0.529617171875611,-2.40128992953034,-1.62266108848574,-106.651471377061,1.82552683724612,-3.70256497710619,-0.367207629855368,-0.0263266296350288,20.0683103167648
5.164171219,5.175282508,0.242273452313648,5.6631364727926,-2.07095995370644,8.57390906383132,-0.713490146732172,-0.906448206567104,-0.268210100775006,0.0544517089496257,-0.530763527485166,-2.40287258500548,-1.624290614173,-108.538632389131,0.62740844065047,-3.86173376814503,-0.364017858682604,-0.0162836408393441,20.2350309999595
5.152879715,5.178788648,0.245319196435859,5.66512338037115,-2.07782755694366,8.57427295942357,-0.713044109707166,-0.913315809804324,-0.267846205182753,0.0548977459746315,-0.531884052033679,-2.40410642665249,-1.62615571080051,-108.893941260076,-0.0541194250913577,-3.7676902634928,-0.354555256681144,-0.0158341187262961,20.4830459763409
5.153490067,5.182613528,0.248334868852768,5.66711419450043,-2.08485426812685,8.57504601626058,-0.712264726125052,-0.920342520987514,-0.267073148345746,0.0556771295567451,-0.532933256480675,-2.40494299945687,-1.62826953159041,-110.795112238035,1.62446454428209,-3.54563826287472,-0.336265138194479,-0.0188843680704812,20.7640853999079
5.163255692,5.170820148,0.25133943622461,5.66911065180676,-2.09210786272303,8.57620861393915,-0.711153260718271,-0.927596115583689,-0.265910550667172,0.0567885949635268,-0.53388190247416,-2.40535384593632,-1.6306253489531,-112.625484097479,1.99587413639051,-3.36007188243397,-0.322588370986005,-0.0134925073094709,21.013221701091
5.15471077,5.166676528,0.25431143763491,5.67111941357615,-2.09962597063993,8.57768454847977,-0.70975691150973,-0.935114223500592,-0.264434616126561,0.0581849441720674,-0.534733653045592,-2.4053476736079,-1.6331903857595,-113.070230690055,1.15720727802454,-3.46609469022411,-0.306147598432202,-0.0174183806065523,21.266926195301
5.161729813,5.173688808,0.257256611503563,5.67314996888466,-2.10743137025522,8.5793841322261,-0.708137997803818,-0.942919623115881,-0.262735032380222,0.059803857877979,-0.535497131432456,-2.40495473513413,-1.63591686920094,-115.174934263326,1.61806852586551,-3.5274708864068,-0.303173095921448,-0.0216545476853188,21.4858516985484
5.161119461,5.173051328,0.260220635609324,5.67521067542517,-2.11552495654059,8.58119044062739,-0.706380783745842,-0.951013209401247,-0.260928723978939,0.0615610719359551,-0.536196370763599,-2.40422590087441,-1.63874421631016,-116.105288107401,2.36629287934261,-3.6253628302432,-0.305905966222097,-0.0236166130778044,21.766809885335
5.155931473,5.166676528,0.26317612108057,5.67730983775212,-2.12388300229548,8.58297202944778,-0.704585093069793,-0.959371255156138,-0.25914713515855,0.0633567626120041,-0.536863379372023,-2.40323570480944,-1.6416012195845,-117.475060538203,1.63051867209356,-3.6526977677201,-0.299861365337018,-0.0192583838105607,21.9780113561562
5.154100418,5.159345508,0.266167259332627,5.67945284985522,-2.13244679459151,8.58459901696092,-0.702856190280186,-0.967935047452174,-0.257520147645403,0.0650856654016113,-0.537527426640705,-2.40208388832377,-1.64440836198707,-118.652337397207,1.04925050286943,-3.67716605490892,-0.293890293047607,-0.0207621612127499,22.1974080875581
5.158983231,5.157751808,0.269201214958137,5.68164097693197,-2.14115010546927,8.58596279972303,-0.701286585307769,-0.976638358329932,-0.256156364883292,0.0666552703740281,-0.538206084028765,-2.40086586457153,-1.64709636281861,-119.421086215968,1.99714936849477,-3.52631314079426,-0.290429163466196,-0.0228523552080505,22.5076637827514
5.165086746,5.163807868,0.272290341026945,5.6838723258153,-2.1499105971974,8.58699196168461,-0.699946935373745,-0.985398850058057,-0.25512720292172,0.067994920308053,-0.538895425285667,-2.39967995273293,-1.64960738441104,-122.308882817259,1.72740884553241,-3.7611733377546,-0.300720319560268,-0.0279640872175005,22.8185037931076
5.153184891,5.164126608,0.275456518762011,5.68613463173443,-2.15864350027279,8.5876489898317,-0.69888498866873,-0.994131753133446,-0.254470174774632,0.0690568670130678,-0.539572788588419,-2.39861404341176,-1.65189926375015,-123.776926542224,1.87005927138603,-4.023623064585,-0.314503671753993,-0.0348785684360708,23.1868351173471
5.154100418,5.168907708,0.278669655806125,5.68841767772766,-2.16727443696029,8.58793490987029,-0.698118066414689,-1.00276268982095,-0.254184254736037,0.0698237892671083,-0.540197297339486,-2.39773637222732,-1.65394745040102,-125.253009885237,1.68298275983375,-4.0041778189746,-0.329495953695328,-0.0381564172758626,23.4917349705139
5.161119461,5.173370068,0.281961595321498,5.69070246496826,-2.17574157078698,8.58789100364948,-0.697635503482948,-1.01122982364764,-0.254228160956844,0.0703063521988493,-0.540709040706333,-2.39708882277103,-1.65575618097726,-127.234732563729,1.47333327699766,-4.13586778061062,-0.332583628161704,-0.0320164361317589,23.7105941541987
5.157457352,5.165720308,0.285301210375745,5.6929682266364,-2.18400458168022,8.58760502756032,-0.697390889633321,-1.01949283454088,-0.25451413704601,0.0705509660484762,-0.541023867595027,-2.39668791600163,-1.65734853784469,-127.438643643749,1.47403752345417,-3.99473786726813,-0.329524551346774,-0.0351785839709336,23.9770088735703
5.151659012,5.170182668,0.28866307482468,5.69519249946141,-2.19204557613429,8.58718546259205,-0.697317850481233,-1.02753382899495,-0.254933702014281,0.0706240052005643,-0.541053024348356,-2.39652431029661,-1.65876386398152,-130.161931345408,2.72751082044488,-3.80900809824672,-0.320265907731571,-0.0426592998051187,24.1971376616692
5.16478157,5.173051328,0.292048130363665,5.69735636482948,-2.19986709019119,8.58674792446818,-0.69734023279652,-1.03535534305185,-0.255371240138146,0.0706016228852772,-0.540710342502543,-2.39656854612227,-1.66005461214905,-130.325575134357,2.43402889792264,-3.79193737672927,-0.317251904521728,-0.0435202122036105,24.4599797467067
5.162340164,5.181019828,0.295402188743374,5.69944562897629,-2.20749523838518,8.58640942301759,-0.69737398555444,-1.04298349124584,-0.255709741588735,0.0705678701273579,-0.539916514784914,-2.39676826251313,-1.66128411401264,-131.754898972104,1.90231347284157,-4.03573369123447,-0.313463118125038,-0.0399683338206558,24.6553681463938
5.155321121,5.168907708,0.29872720737081,5.70144834549439,-2.21497470554249,8.58627726403108,-0.697337014626631,-1.05046295840315,-0.25584190057525,0.0706048410551661,-0.538605712755677,-2.39705943990267,-1.66251526155608,-132.984043871291,1.77034729934962,-4.07116945425983,-0.325067659583635,-0.0398642694143406,24.9103607313062
5.156541824,5.175919988,0.301986501270807,5.70335831875748,-2.22234861484913,8.58642564495098,-0.697166317425083,-1.05783686770979,-0.255693519655349,0.0707755382567142,-0.536740088724155,-2.39738344196775,-1.66380220598172,-134.154598121663,2.93780047463838,-4.21138175829208,-0.328505321824075,-0.0442400034219877,25.2328340035276
5.156847,5.181019828,0.305158433033175,5.7051838588285,-2.22966561152641,8.58689614104003,-0.696816740187843,-1.06515386438707,-0.255223023566298,0.0711251154939541,-0.534307664937335,-2.39768727646713,-1.6651832856222,-136.729199542512,2.64891258313719,-4.16336836461281,-0.344147403691376,-0.0513570848838559,25.5243677555423
5.157762527,5.165082828,0.308252440282089,5.70693507507162,-2.23696369998834,8.58768885943443,-0.696270009247396,-1.072451952849,-0.254430305171901,0.0716718464344014,-0.531327126989018,-2.39793674742171,-1.66667554638188,-138.007719419941,2.95832339611684,-4.23495354544394,-0.361383991395378,-0.0614215769694345,25.8743221426489
5.154405594,5.180063608,0.311228196750927,5.70862924239911,-2.24426918308086,8.58875735121683,-0.695537355525345,-1.07975743594152,-0.2533618133895,0.0724045001564522,-0.527851583451469,-2.39811563523322,-1.66827658418952,-139.691562563343,3.64345223995429,-4.44110094677046,-0.373234060737575,-0.0631150686897247,26.1824697714452
5.158067703,5.167951488,0.314122625652729,5.71029141025515,-2.25159482744359,8.59002775371476,-0.694648816601756,-1.08708308030425,-0.252091410891564,0.0732930390800419,-0.523954851037551,-2.39822357606086,-1.6699702483835,-141.490307590288,2.78709189413735,-4.6351180931573,-0.394859117436724,-0.0528204228701498,26.4068805011467
5.163255692,5.160301728,0.316934823123836,5.71194914136897,-2.25893245737709,8.59138610395159,-0.693662198189408,-1.09442071023775,-0.250733060654742,0.0742796574923892,-0.5197385014121,-2.39828972816309,-1.67171290836483,-141.648135847228,2.10510115716716,-4.63111204153449,-0.417189845720997,-0.0503460112029963,26.6511589237545
5.152574539,5.159982988,0.319677695151217,5.71362744164469,-2.26627261899409,8.59272376946894,-0.692631306325853,-1.10176087185475,-0.249395395137382,0.0753105493559447,-0.515302270426771,-2.39834646229857,-1.67345606330612,-144.094890340727,3.09454858253048,-4.69365707365415,-0.427016234542827,-0.0467209339848206,26.8133847231386
5.165086746,5.164126608,0.322399721609461,5.71535127897911,-2.27360234275553,8.59391768461106,-0.691620552314638,-1.10909059561619,-0.248201479995272,0.0763213033671599,-0.510757573643369,-2.39843527898883,-1.67514121374911,-143.99159480448,2.24451848918761,-4.63052614694982,-0.437468437112878,-0.0461995856131365,27.0656746812001
5.161119461,5.160301728,0.32510294203038,5.71713925808518,-2.28090044886694,8.59486217769286,-0.690685337766553,-1.1163887017276,-0.247256986913463,0.077256517915244,-0.506202969560802,-2.39860274902032,-1.67670866051921,-145.969248245917,3.40094086985346,-4.55569439692704,-0.438886858651655,-0.054515748548515,27.3192893054444
5.147996902,5.161576688,0.327848339614305,5.71900227800726,-2.28814766593955,8.59546610030874,-0.689873430266408,-1.12363591880021,-0.246653064297586,0.0780684254153897,-0.501729436903864,-2.39889199821564,-1.67810332954331,-147.575540591792,3.56612273754899,-4.74694146149497,-0.450501409119857,-0.0639312413785454,27.5947937365728
5.152574539,5.168270228,0.330650178689208,5.72094273716205,-2.29533886169501,8.59567919323133,-0.68920552965073,-1.13082711455567,-0.246439971374995,0.0787363260310675,-0.497402308236488,-2.39932644579247,-1.6792870172757,-148.783722732989,3.10351016410755,-5.06345093641571,-0.474882046739856,-0.0653288363787128,27.9113219855499
5.161424637,5.175919988,0.333532358244977,5.72295953730081,-2.30249682874699,8.5955079520596,-0.68866409180195,-1.13798508160765,-0.24661121254673,0.0792777638798473,-0.493248953931642,-2.39989814155627,-1.68024434498945,-150.76202787617,3.21685779263271,-5.28227143738962,-0.497227642451708,-0.066600494200481,28.2442608594501
5.15471077,5.165082828,0.336537760476178,5.72504233651161,-2.3096434280171,8.59496430552254,-0.68823002216598,-1.14513168087776,-0.247154859083784,0.0797118335158172,-0.489292678352846,-2.40059604866621,-1.68096671344053,-152.924899179747,4.06831499084319,-5.32973870395941,-0.514044190212818,-0.0665052664669009,28.6117758032664
5.155321121,5.170501408,0.339651381762107,5.72717070584434,-2.31682072693886,8.59412000824513,-0.687845328985618,-1.15230897979952,-0.247999156361194,0.0800965266961792,-0.485518218525987,-2.40137797198632,-1.68147317879956,-154.458996307698,3.60788946061257,-5.59033117821636,-0.541334886608903,-0.0658336796083349,28.9287602736164
5.158678055,5.173051328,0.342908052870456,5.72933321022755,-2.32407701296057,8.59307371901563,-0.687436748642362,-1.15956526582123,-0.249045445590694,0.0805051070394355,-0.481891270930282,-2.40219215783046,-1.68179373511331,-156.602226228872,3.71054102255653,-5.64322617271907,-0.566792522268802,-0.0616040446153796,29.1970571852496
5.167528152,5.176876208,0.346278570431222,5.7315091721687,-2.33145921998121,8.59191594553248,-0.686939286837718,-1.16694747284187,-0.250203219073844,0.0810025688440793,-0.478381550598667,-2.40298315440175,-1.68196231653348,-156.709801232275,4.9278186070319,-5.52667593899122,-0.5783748738308,-0.064998245625427,29.4765710203217
5.152879715,5.174963768,0.349742566085249,5.73368291023465,-2.33901720753294,8.59076699489002,-0.686269281988827,-1.1745054603936,-0.251352169716304,0.0816725736929705,-0.474938827153446,-2.40368897267398,-1.68201992037255,-159.006510708017,3.46042061760318,-5.60501610052256,-0.589085596301179,-0.0511001237110684,29.6097640406272
5.151964188,5.174326288,0.353306710400896,5.73584368623245,-2.3467757149789,8.5897277016358,-0.685361639840316,-1.18226396783956,-0.252391462970525,0.0825802158414813,-0.471524626254184,-2.40426570000539,-1.68200159881182,-158.84437808059,2.57447071071601,-5.61322851153241,-0.597132567844618,-0.0443548721335773,29.8613517061098
5.157457352,5.173051328,0.356908085990944,5.73798543611263,-2.35473853146138,8.58885936258713,-0.684183337435645,-1.19022678432204,-0.253259802019192,0.0837585182461523,-0.46812351894796,-2.40469050621702,-1.68192909525349,-160.829584753052,3.82382598075742,-5.58511945558399,-0.582634061214868,-0.0521186102014058,30.1769868862877
5.160509109,5.166995268,0.360546729960811,5.74010668803862,-2.36289184947407,8.58821062335989,-0.682713222707605,-1.19838010233473,-0.253908541246435,0.0852286329741928,-0.464726569090845,-2.40495859725431,-1.68181145015965,-163.198613069369,4.65712298159474,-5.62729742214458,-0.587575382059142,-0.0563465632043443,30.491779838505
5.153184891,5.175282508,0.36418088585043,5.74221161951416,-2.3712018272585,8.58777966142877,-0.680967556265945,-1.20669008011916,-0.254339503177562,0.0869742994158523,-0.461356020173548,-2.4050894794359,-1.68163939157261,-164.198055539224,3.24812277265619,-6.00647659047254,-0.601616591998982,-0.0670131883724787,30.8788793734804
5.159898758,5.165082828,0.367794969515258,5.74430766824469,-2.37961235159782,8.58753798341072,-0.678983575453895,-1.21510060445848,-0.254581181195602,0.0889582802279026,-0.458050021962926,-2.40512219650815,-1.68139263083863,-167.632047024171,4.88800479483098,-6.03294643456263,-0.612262152619497,-0.0723650690368462,31.2851557893111
5.157457352,5.174007548,0.371397329053562,5.74640382429358,-2.38805561413594,8.58744166395171,-0.67681213198879,-1.2235438669966,-0.254677500654614,0.0911297236930078,-0.454854326198939,-2.40510962462646,-1.68104305872576,-169.41887399623,5.11427407855967,-6.09505816472887,-0.619811261143651,-0.0728328651996787,31.7241497009526
5.153490067,5.166995268,0.37494829957545,5.74850562771946,-2.39645194027321,8.5874150141608,-0.674526753225088,-1.23194019313387,-0.254704150445532,0.0934151024567099,-0.45183111601625,-2.40512349365123,-1.68054624032246,-171.53725669435,4.11768808436864,-6.32939657517764,-0.641747352605541,-0.064346110247284,32.027022149317
5.156236649,5.159982988,0.378495419309941,5.75061937528275,-2.40473605484743,8.58738882374788,-0.6721933515514,-1.24022430770809,-0.254730340858442,0.0957485041303977,-0.449037937005287,-2.40522005473444,-1.6798696810515,-172.964124044323,4.64703513829181,-6.24275849436827,-0.656424404433404,-0.0608735124158054,32.2724964142897
5.160509109,5.164764088,0.382036578320434,5.75274902493994,-2.41285215730827,8.58729484766442,-0.669873534245442,-1.24834041016893,-0.254824316941908,0.0980683214363559,-0.446528046958793,-2.40545252956917,-1.67898154212873,-173.468382692602,4.92464867080275,-6.22395287605212,-0.657798957904202,-0.0584946242524974,32.5394552283992
5.162950516,5.163489128,0.385580028946885,5.75489165622712,-2.42075501169828,8.58707194250438,-0.66762271804773,-1.25624326455894,-0.255047222101949,0.100319137634067,-0.444344445417721,-2.40586251645977,-1.67786100748289,-175.50811112579,4.44019255193166,-6.18545445187439,-0.655230317105594,-0.0511232477362248,32.7365288149314
5.155626297,5.168270228,0.389164100324995,5.75704106648393,-2.42842634782681,8.58667085560933,-0.665480853669447,-1.26391460068747,-0.255448308996998,0.10246100201235,-0.442520067052429,-2.40647033605731,-1.6764995432028,-176.285339877334,5.42993058902221,-6.01366452253006,-0.647461315492631,-0.0466638320232078,32.9878901804106
5.155015945,5.171776368,0.392771410304224,5.75918854086468,-2.43587536986643,8.58608533046612,-0.663452330741526,-1.27136362272709,-0.256033834140204,0.104489524940271,-0.441054767951694,-2.40726658090018,-1.67491166608551,-177.391916907925,4.99491595100744,-6.05370485443109,-0.638976287608322,-0.0506893387240568,33.2363572849594
5.164171219,5.178151168,0.396435979341768,5.76132210667006,-2.44312970793401,8.58532586482319,-0.661525286916552,-1.27861796079467,-0.256793299783135,0.106416568765245,-0.439933684256873,-2.40822053950018,-1.67313223726312,-179.698000397284,4.4008909475142,-6.24054964611304,-0.633306870253517,-0.0524384614115561,33.4905114466745
5.152879715,5.167632748,0.400131826295813,5.76342960144072,-2.45022945763842,8.58441040526884,-0.659677430656322,-1.28571771049908,-0.25770875933749,0.108264425025476,-0.43913213391978,-2.40929200190973,-1.67120169733769,-180.403630022156,5.03146792138045,-6.10975046319822,-0.621162786367341,-0.0680449759660503,33.8512477802974
5.151964188,5.180382348,0.403847575726422,5.76549945017862,-2.45723105595997,8.5833657783167,-0.657878455120226,-1.29271930882063,-0.258753386289627,0.110063400561572,-0.438614039620054,-2.41042690265646,-1.66916927081844,-183.301999645061,5.8251625747323,-6.25212325130366,-0.613515882095896,-0.0789955461454304,34.1619323300894
5.157457352,5.175919988,0.407574825421722,5.76752691933769,-2.46418020777176,8.58222536458233,-0.656094411867581,-1.29966846063242,-0.259893800023999,0.111847443814217,-0.438335608360509,-2.41157413109714,-1.66709056215772,-184.131044856825,5.25100202524573,-6.29320728753422,-0.619315781993567,-0.0787240827957702,34.4976936482396
5.157762527,5.173370068,0.411250001051128,5.76950709013029,-2.47112067119025,8.58099527448892,-0.654310643821273,-1.30660892405091,-0.261123890117403,0.113631211860525,-0.438267968975781,-2.41269004855852,-1.66501355374614,-186.176636752157,5.53043622106406,-6.38871765603744,-0.629429264535239,-0.0758323649170308,34.8160044066302
5.15471077,5.177832428,0.414871511392042,5.77144117022913,-2.4780911374552,8.57969322040255,-0.652507634445126,-1.31357939031586,-0.262425944203775,0.115434221236671,-0.438371471822369,-2.41373566445294,-1.66298453707462,-188.728903969384,7.1419687321636,-6.64736640233136,-0.648481670512131,-0.0707097969212561,35.1441041369243
5.160814285,5.174326288,0.418396506051553,5.77333632522517,-2.48511057538614,8.57830267212592,-0.650695718060682,-1.3205988282468,-0.263816492480407,0.117246137621115,-0.438628859403652,-2.41469291934448,-1.661036318958,-189.29304343618,6.53046912645618,-6.78836335475526,-0.666477003142918,-0.0673656653812009,35.4707866788254
5.157457352,5.174645028,0.421797585883979,5.77520643198348,-2.49218986453855,8.57680975902481,-0.648890287287633,-1.32767811739921,-0.265309405581514,0.119051568394165,-0.439021657754116,-2.4155514860207,-1.65919710275932,-191.905024534936,5.42818552996346,-6.77661400388178,-0.66984490627013,-0.0585218913493628,35.6666093120309
5.154100418,5.162532908,0.425090959455788,5.77706314178932,-2.49932347402513,8.57518767547327,-0.647123475319004,-1.33481172688579,-0.266931489133061,0.120818380362793,-0.439540750504508,-2.41632077605234,-1.65747823978236,-191.907551164977,5.38629442625256,-6.74202426470654,-0.659737754219063,-0.0603853049833962,35.9689418035915
5.159898758,5.164445348,0.428254669480026,5.7789237447502,-2.50650248032925,8.57342390581119,-0.64542511771671,-1.34199073318991,-0.268695258795132,0.122516737965088,-0.440171000189618,-2.41701331695785,-1.65588960878155,-194.087072343147,5.81743498798392,-6.50984418083559,-0.639468568519328,-0.0746457061347574,36.2747828747209
5.165391922,5.158389288,0.43134242964029,5.78080731798644,-2.51370743901621,8.57150507427365,-0.643832791815912,-1.34919569187687,-0.270614090332678,0.124109063865885,-0.440900154249521,-2.41765619692853,-1.65442858274106,-196.487441640001,6.28561346861238,-6.46973744264258,-0.62639869357574,-0.0747952475883749,36.5911828994826
5.157457352,5.159026768,0.434371059931583,5.78272741552504,-2.52092101586328,8.56943387948667,-0.642377418971417,-1.35640926872394,-0.27268528511966,0.125564436710381,-0.441709258620956,-2.41827537870148,-1.65308968187266,-197.625158961397,6.43891899530831,-6.62901415826769,-0.618783267885849,-0.0798807092789502,37.0159426362487
5.151659012,5.162851648,0.43738500019434,5.78469535389589,-2.52813470481642,8.56724364646975,-0.641070896230833,-1.36362295767708,-0.274875518136579,0.126870959450964,-0.44256355545499,-2.41888639384597,-1.65187407314907,-200.922336282936,7.78534065504437,-6.8684429644253,-0.616053607285954,-0.0868211954523566,37.3982329274793
5.160203934,5.172413848,0.440453724990959,5.78671928619687,-2.53534554740368,8.56500040042479,-0.639903640274714,-1.37083380026434,-0.277118764181534,0.128038215407084,-0.4434081104096,-2.41950118039735,-1.65078337531788,-202.33086378138,7.92683126851693,-6.88041571893271,-0.616083895411021,-0.0817476555427785,37.7566580769785
5.150438309,5.166995268,0.443594202049786,5.78880643285053,-2.5425502824313,8.56278003323781,-0.638856761240621,-1.37803853529196,-0.279339131368516,0.129085094441176,-0.444183549827992,-2.42013141021637,-1.64981692519741,-203.805000280765,6.56807314158391,-6.91367168999471,-0.616909692462132,-0.0800645429102801,37.9964027029732
5.155321121,5.164445348,0.446872107168781,5.79095351775102,-2.54976068153351,8.56066807060237,-0.637898727013071,-1.38524893439417,-0.281451094003959,0.130043128668726,-0.444826029422105,-2.42077192867216,-1.6489829095553,-205.287769260925,7.19025221768698,-6.59493963525188,-0.611289868368367,-0.081126765413765,38.2117199877274
5.161119461,5.170501408,0.450301930128678,5.79315461493928,-2.55698797463395,8.55875661237822,-0.636987364015759,-1.39247622749461,-0.283362552228109,0.130954491666039,-0.445267123818304,-2.42141676369008,-1.64829067549199,-205.476293914948,7.3000165835706,-6.46458823246832,-0.603838137674503,-0.0796879844235023,38.4850157788937
5.163255692,5.183251008,0.453896196950083,5.79540491139955,-2.56424020381643,8.55713446482987,-0.636076564624894,-1.39972845667709,-0.28498469977646,0.131865291056903,-0.445439459587787,-2.42206206998397,-1.64774617005754,-208.196882721844,7.11163929804979,-6.49180709333444,-0.603791160145799,-0.0702109084303116,38.6750840012041
5.156541824,5.176876208,0.457656307744129,5.79768716037677,-2.57153024527313,8.55586912871197,-0.635125327688003,-1.40701849813379,-0.286250035894353,0.132816527993795,-0.445288755078997,-2.42269818632321,-1.64735805946822,-208.415052879405,6.38400739717508,-6.51399502302252,-0.611998580732374,-0.0657046182780315,38.9594878499313
5.155931473,5.171457628,0.461540648225967,5.79998822994206,-2.57886175453341,8.55499032801893,-0.634109464651587,-1.41435000739407,-0.287128836587394,0.13383239103021,-0.444785708116208,-2.4233233380181,-1.64712951519781,-210.200086106734,7.92501004567384,-6.64727207177441,-0.617614028572323,-0.0697419138004505,39.2518731055461
5.162034988,5.174645028,0.465550458686663,5.80229504873544,-2.58624106568947,8.55449003110639,-0.633023045515281,-1.42172931855013,-0.287629133499934,0.134918810166517,-0.443925841036222,-2.42393230103686,-1.6470639988965,-212.265922191073,7.20355815478706,-6.78298565922111,-0.6168886379034,-0.0743431383189286,39.5797343379781
5.157457352,5.173051328,0.469618591844041,5.80459024560496,-2.59367354905149,8.55434136701021,-0.631866837791023,-1.42916180191216,-0.287777797596119,0.136075017890774,-0.442718071682928,-2.42452206169485,-1.64716167040442,-213.697020086608,8.13937388865975,-6.93692574966536,-0.614733298449432,-0.0888256356661596,39.9772244285889
5.161729813,5.177194948,0.473706155202219,5.80686159123847,-2.60115230049482,8.55447644989949,-0.630667942023193,-1.43664055335548,-0.287642714706839,0.137273913658604,-0.441199226475455,-2.42510025509017,-1.64741536104658,-216.761044533994,9.03075730521914,-7.10433194678077,-0.631198074699059,-0.0980645929577147,40.3449224340341
5.157762527,5.175282508,0.477799060896924,5.80910172715503,-2.60868054205648,8.55480814680057,-0.629462628259484,-1.44416879491714,-0.287311017805756,0.138479227422313,-0.439422683519462,-2.42566742710569,-1.64781918859869,-218.531304906544,8.80228733653621,-7.28731736275716,-0.665123248271041,-0.101742249532387,40.8002846690946
5.163255692,5.176238728,0.481826792492385,5.81130407221798,-2.61626409889401,8.55523695097506,-0.628294433654205,-1.45175235175467,-0.286882213631262,0.139647422027592,-0.437454266088697,-2.42622304212412,-1.64836382892833,-221.308141522244,10.1806560450145,-7.40085540828099,-0.692498573093467,-0.0941369648998468,41.1848551456584
5.152879715,5.160939208,0.485797794143395,5.81346388495826,-2.6239065987421,8.55567183540253,-0.627203809155168,-1.45939485160276,-0.286447329203794,0.140738046526629,-0.435360089041096,-2.42676175560716,-1.6490479287469,-223.016024870879,9.56246640743279,-7.83473245570295,-0.729036015111481,-0.0808017345053317,41.3953045240423
5.161119461,5.157751808,0.489680027463806,5.81558436298405,-2.63161126858273,8.55602535819359,-0.626230723356775,-1.46709952144339,-0.286093806412733,0.141711132325023,-0.433209790552705,-2.42727628472833,-1.64986841560759,-222.20496290852,7.35030638130888,-7.90807428414396,-0.74336588147061,-0.068993867281094,41.5788873697116
5.160203934,5.160301728,0.493468128676794,5.81766932403861,-2.63938451861823,8.55624746238749,-0.625392611275402,-1.47487277147889,-0.285871702218838,0.142549244406396,-0.431053599657255,-2.42775434034736,-1.65082452090722,-224.331280954887,7.80775017641349,-7.62670081986627,-0.727503231384507,-0.0698534037764593,41.7207856822548
5.158067703,5.168588968,0.497175290247994,5.81972243148807,-2.64722964478353,8.55630670822969,-0.624699428020692,-1.48271789764419,-0.285812456376632,0.143242427661106,-0.428935297986401,-2.42818022307566,-1.6519190629913,-224.675258578136,8.77859150383688,-7.09490424963568,-0.70588933110351,-0.0806425898951508,41.9897171941596
5.152879715,5.159982988,0.5007719942062,5.82174700635054,-2.65513777416342,8.55619992221979,-0.62414734384933,-1.49062602702408,-0.285919242386537,0.143794511832467,-0.4268835336874,-2.42854428378689,-1.65315065767861,-226.551078138766,9.06810734276496,-7.12297129387011,-0.701675580220175,-0.0853267034234891,42.2849815911827
5.158067703,5.166039048,0.504290127255219,5.8237457832797,-2.66307636778356,8.55594624206731,-0.623723472705686,-1.49856462064422,-0.286172922539015,0.144218382976111,-0.424914567407,-2.42885276687291,-1.65451110922009,-229.004984870366,9.54332334205969,-7.53969700169179,-0.710982774208971,-0.0845814491905239,42.6526662953482
5.15471077,5.175282508,0.507692287265909,5.82571748192325,-2.67100017487262,8.55558356963214,-0.623406259285873,-1.50648842773328,-0.286535594974184,0.144535596395924,-0.423035714241626,-2.42911389568434,-1.65599612031905,-230.773597085015,10.295105213849,-7.77900493678433,-0.720622191804676,-0.0902169497547973,43.1136033821596
5.154405594,5.166357788,0.510984719918937,5.82765465111302,-2.67885712248022,8.55518216777305,-0.623155533231124,-1.51434537534088,-0.28693699683328,0.144786322450674,-0.421233021048115,-2.42933486980296,-1.65760316602097,-234.001244238848,9.85073561516811,-7.91966291843485,-0.737079085271893,-0.0988530987643786,43.4852152294181
5.154100418,5.168907708,0.514149135920944,5.82954818516966,-2.68657420473399,8.55479694412971,-0.622943461014272,-1.52206245759465,-0.287322220476621,0.144998394667525,-0.41950320311819,-2.42953831484444,-1.65932180397912,-235.021458553716,10.1505105071847,-8.00092855756162,-0.760613938144001,-0.109266140314345,43.8598192482729
5.165697098,5.171457628,0.517143264079662,5.83138106712712,-2.69406207429424,8.55446601355772,-0.622755674622066,-1.5295503271549,-0.287653151048607,0.145186181059732,-0.417852178805828,-2.42975941257516,-1.66113585575896,-236.801514693631,9.77589288711488,-7.92241146663932,-0.775656270492299,-0.114054306279622,44.1500498291797
5.159288406,5.175601248,0.519974869733636,5.83313331275322,-2.70124099713221,8.55423881189102,-0.622570580430697,-1.53672924999287,-0.287880352715309,0.145371275251101,-0.416276329471491,-2.43002574147095,-1.66303255411384,-238.471855730708,9.6966354477604,-8.01703326624911,-0.797995615024476,-0.0998439747147204,44.3775386798858
5.159288406,5.175601248,0.522587544569498,5.83478415813924,-2.70801627938381,8.55411996666604,-0.622398197474252,-1.54350453224447,-0.287999197940286,0.145543658207546,-0.414798905714368,-2.4303773576945,-1.66499208339484,-239.058085784358,10.4225366842884,-8.09085893190888,-0.825216523919212,-0.0858611863463106,44.6815751559955
5.156236649,5.178788648,0.524964706368542,5.83631209392822,-2.71432978389396,8.55412532551269,-0.622234866239597,-1.54981803675462,-0.287993839093634,0.145706989442201,-0.413433010553584,-2.43082555973731,-1.66700724951925,-241.985236055627,12.1847539440514,-8.17376811743139,-0.839151602809757,-0.0818134532163368,44.9475836755161
5.15471077,5.176557468,0.527095527124506,5.83769995732922,-2.72012893116033,8.55424586593589,-0.622092407098287,-1.55561718402099,-0.287873298670439,0.14584944858351,-0.412205908166686,-2.43137960947633,-1.66907122476736,-242.510803512735,11.3779706272549,-8.25526019465761,-0.846897854156597,-0.0827239227784894,45.1849218163917
5.156236649,5.165401568,0.528952125623063,5.838934072948,-2.72538669545306,8.55445919167563,-0.621989700402406,-1.56087494831372,-0.287659972930694,0.145952155279392,-0.411148594804243,-2.43203336876146,-1.6711816945951,-243.23474448292,9.74893680144623,-8.28925239224361,-0.832867831492354,-0.095090194477847,45.2947774313514
5.158983231,5.164445348,0.530566242631726,5.84001126467761,-2.7301026335223,8.55475085967496,-0.621936865949671,-1.56559088638296,-0.287368304931363,0.146004989732127,-0.410281462593272,-2.43276311969186,-1.67334255499697,-244.169571357417,10.293509604704,-8.06842776338306,-0.809815890146872,-0.11263097575906,45.3959927550955
5.159593582,5.170182668,0.531912773253818,5.84093723817051,-2.73429729282051,8.55509495578356,-0.621949044243066,-1.56978554568117,-0.287024208822769,0.145992811438731,-0.409628006638043,-2.43353642480235,-1.67555618329292,-243.883397227447,10.3957699879063,-7.89485085558709,-0.780364524482762,-0.122679888036952,45.5600138290592
5.153490067,5.170820148,0.533037870497001,5.84172370901452,-2.7380157164687,8.55548154093757,-0.622028056641268,-1.57350396932936,-0.286637623668756,0.145913799040529,-0.409195122305467,-2.43430384685087,-1.67783222032749,-245.427308374827,11.0226569854788,-7.79892338416104,-0.771550969465606,-0.112516121195774,45.5793888096049
5.15471077,5.158070548,0.533970179252561,5.84239075158942,-2.74131893038694,8.55591514367669,-0.6221643814021,-1.5768071832476,-0.286204020929642,0.145777474279698,-0.408975368418209,-2.4350087909261,-1.68018172488477,-244.52561639877,10.2491119871379,-8.10281776986653,-0.798966287597036,-0.104872845492996,45.6763392661822
5.160814285,5.162851648,0.534702708697651,5.84296365940385,-2.74426966537109,8.55640543193298,-0.622345095837844,-1.57975791823175,-0.285713732673347,0.145596759843953,-0.40895043968494,-2.43560419472531,-1.68260425800539,-246.153012577175,11.3065697502007,-8.23160897502169,-0.818052055624138,-0.10361422308019,45.8470810625206
5.149522781,5.159026768,0.535302011690957,5.8434688040132,-2.74693215517124,8.55697963709629,-0.622545583242898,-1.58242040803191,-0.28513952751004,0.145396272438899,-0.4090868050149,-2.43604464928675,-1.68509987952225,-248.061737411064,11.8141340836053,-8.41447053680474,-0.834155891566435,-0.108747206026851,45.9803031207449
5.152879715,5.165082828,0.535750876302263,5.84392985961159,-2.74936246257596,8.55766778251697,-0.622739578632335,-1.58485071543662,-0.284451382089362,0.145202277049462,-0.409344489952751,-2.43629790626512,-1.68766117647567,-246.543035764632,10.4100427044182,-8.43572766197599,-0.859168144860206,-0.108871070499564,46.0356483507928
5.154405594,5.167632748,0.536084230161622,5.844369049533,-2.75160492347189,8.5584999942261,-0.622902124317497,-1.58709317633256,-0.283619170380224,0.145039731364301,-0.409679192662995,-2.43634838968702,-1.69027124922024,-247.599023557768,8.91099197576227,-8.63189606135879,-0.873712471210167,-0.108644163267302,45.9838673167627
5.163560867,5.177513688,0.536293455909563,5.84479709660541,-2.75368573137306,8.55948801597354,-0.623021066207988,-1.58917398423372,-0.282631148632786,0.14492078947381,-0.410057457369201,-2.43620096913741,-1.69290286636798,-247.293902769592,10.5285783299264,-8.44301650544145,-0.859635545915793,-0.109688089279522,46.1127559516532
